#============================================================================
# Opacities computed by OpTool        <a^n>=  9.9572E-1  1.9431E+0  7.9257E+0
# Method:   DHS  fmax=  0.000
# Parameters:
#   amin [um]=      0.500 amax [um]=   1000.000  na  =   50    apow=   3.0    
#   lmin [um]=      0.100 lmax [um]=   1000.000  nlam=  300    nang=   180
#   porosity =      0.000 p_mantle =      0.000  fmax=  0.0    chop=   0.0
# Composition:
#  Where   mfrac  rho   Material
#  -----   -----  ----  -----------------------------------------------------
#  core    0.500  7.87  ./static/opticalconstants/lnk/fe-cryst.lnk
#  core    0.500  2.26  ./static/opticalconstants/lnk/c-crsty.lnk
#  - - -   - - -  -  -  - - - - - - - - - - - - - - - - - - - - - - - - - - -
#  grain   1.000  3.51  mixture of  2 materials
#----------------------------------------------------------------------------
# Command: optool ./static/opticalconstants/lnk/fe-cryst.lnk 0.5 7.87 \
#   ./static/opticalconstants/lnk/c-crsty.lnk 0.5 2.26 -dhs 0.5 -a 0.5 \
#   1000.0 3.0 -l 0.1 1000.0 -fmax 0
#============================================================================
# Standard output file, no scattering matrix
#    iformat
#    nlambda
#    lambda[um]  kabs [cm^2/g]  ksca [cm^2/g]    g_asymmetry
#============================================================================
           3
         300
   1.000000E-01   1.038614E+01   2.104173E+01   7.736992E-01
   1.031283E-01   1.029056E+01   2.116445E+01   7.672688E-01
   1.063545E-01   1.007651E+01   2.141229E+01   7.542772E-01
   1.096816E-01   1.043367E+01   2.103798E+01   7.625536E-01
   1.131128E-01   1.110784E+01   2.033004E+01   7.891056E-01
   1.166513E-01   1.175201E+01   1.967099E+01   8.183235E-01
   1.203005E-01   1.210234E+01   1.932076E+01   8.348414E-01
   1.240639E-01   1.240194E+01   1.902597E+01   8.494580E-01
   1.279450E-01   1.263926E+01   1.879748E+01   8.612998E-01
   1.319476E-01   1.281540E+01   1.863258E+01   8.701284E-01
   1.360753E-01   1.294721E+01   1.851319E+01   8.766717E-01
   1.403322E-01   1.305602E+01   1.841734E+01   8.819709E-01
   1.447222E-01   1.316198E+01   1.832457E+01   8.871308E-01
   1.492496E-01   1.325803E+01   1.824216E+01   8.918052E-01
   1.539186E-01   1.334070E+01   1.817354E+01   8.958152E-01
   1.587336E-01   1.339388E+01   1.813520E+01   8.983213E-01
   1.636993E-01   1.341750E+01   1.812740E+01   8.992332E-01
   1.688203E-01   1.342577E+01   1.813577E+01   8.992401E-01
   1.741016E-01   1.343147E+01   1.814725E+01   8.990031E-01
   1.795480E-01   1.344644E+01   1.814933E+01   8.992372E-01
   1.851648E-01   1.347614E+01   1.813612E+01   9.002745E-01
   1.909574E-01   1.350871E+01   1.811980E+01   9.015115E-01
   1.969311E-01   1.352600E+01   1.811912E+01   9.020820E-01
   2.030918E-01   1.352241E+01   1.814020E+01   9.016582E-01
   2.094451E-01   1.349029E+01   1.819159E+01   8.998130E-01
   2.159972E-01   1.342466E+01   1.827988E+01   8.961687E-01
   2.227543E-01   1.335977E+01   1.836855E+01   8.924833E-01
   2.297228E-01   1.325674E+01   1.849903E+01   8.869574E-01
   2.369092E-01   1.311448E+01   1.867470E+01   8.792257E-01
   2.443205E-01   1.296877E+01   1.885687E+01   8.710561E-01
   2.519636E-01   1.282720E+01   1.903645E+01   8.629553E-01
   2.598458E-01   1.268687E+01   1.921620E+01   8.547489E-01
   2.679746E-01   1.254414E+01   1.939947E+01   8.462872E-01
   2.763577E-01   1.242852E+01   1.955295E+01   8.390447E-01
   2.850030E-01   1.235629E+01   1.965789E+01   8.338271E-01
   2.939188E-01   1.230830E+01   1.973533E+01   8.298683E-01
   3.031136E-01   1.227755E+01   1.979314E+01   8.267905E-01
   3.125959E-01   1.226663E+01   1.982892E+01   8.247384E-01
   3.223749E-01   1.227325E+01   1.984544E+01   8.235863E-01
   3.324598E-01   1.228988E+01   1.985139E+01   8.229699E-01
   3.428602E-01   1.230760E+01   1.985703E+01   8.224878E-01
   3.535859E-01   1.232186E+01   1.986781E+01   8.218998E-01
   3.646472E-01   1.233114E+01   1.988497E+01   8.211016E-01
   3.760545E-01   1.232747E+01   1.991578E+01   8.196496E-01
   3.878187E-01   1.231821E+01   1.995251E+01   8.179148E-01
   3.999509E-01   1.231553E+01   1.998201E+01   8.164908E-01
   4.124626E-01   1.231930E+01   2.000415E+01   8.153339E-01
   4.253658E-01   1.232906E+01   2.001955E+01   8.144408E-01
   4.386726E-01   1.234596E+01   2.002760E+01   8.138767E-01
   4.523956E-01   1.237466E+01   2.002451E+01   8.138734E-01
   4.665480E-01   1.240302E+01   2.002288E+01   8.138622E-01
   4.811431E-01   1.242961E+01   2.002432E+01   8.137433E-01
   4.961948E-01   1.245763E+01   2.002572E+01   8.136780E-01
   5.117173E-01   1.248528E+01   2.002846E+01   8.135740E-01
   5.277254E-01   1.251194E+01   2.003314E+01   8.133997E-01
   5.442344E-01   1.253627E+01   2.004109E+01   8.131021E-01
   5.612597E-01   1.255926E+01   2.005129E+01   8.126942E-01
   5.788177E-01   1.257951E+01   2.006473E+01   8.121276E-01
   5.969250E-01   1.259737E+01   2.008092E+01   8.114215E-01
   6.155987E-01   1.261451E+01   2.009856E+01   8.106554E-01
   6.348565E-01   1.262985E+01   2.011891E+01   8.097878E-01
   6.547168E-01   1.264799E+01   2.013736E+01   8.089927E-01
   6.751985E-01   1.267129E+01   2.015087E+01   8.083896E-01
   6.963208E-01   1.269490E+01   2.016446E+01   8.077645E-01
   7.181039E-01   1.271665E+01   2.018038E+01   8.070265E-01
   7.405685E-01   1.273821E+01   2.019778E+01   8.062580E-01
   7.637358E-01   1.275946E+01   2.021720E+01   8.054149E-01
   7.876279E-01   1.278098E+01   2.023734E+01   8.045344E-01
   8.122674E-01   1.280207E+01   2.025845E+01   8.035880E-01
   8.376776E-01   1.282309E+01   2.028003E+01   8.026029E-01
   8.638828E-01   1.284294E+01   2.030344E+01   8.015412E-01
   8.909078E-01   1.286477E+01   2.032601E+01   8.005067E-01
   9.187782E-01   1.288556E+01   2.035051E+01   7.993773E-01
   9.475205E-01   1.290667E+01   2.037546E+01   7.982100E-01
   9.771620E-01   1.292812E+01   2.040071E+01   7.970144E-01
   1.007731E+00   1.294732E+01   2.042891E+01   7.956902E-01
   1.039256E+00   1.296532E+01   2.045948E+01   7.942488E-01
   1.071767E+00   1.298313E+01   2.049092E+01   7.927433E-01
   1.105295E+00   1.300004E+01   2.052362E+01   7.911415E-01
   1.139872E+00   1.301865E+01   2.055510E+01   7.895586E-01
   1.175531E+00   1.303564E+01   2.058833E+01   7.878670E-01
   1.212305E+00   1.305300E+01   2.062149E+01   7.861228E-01
   1.250230E+00   1.307062E+01   2.065461E+01   7.843299E-01
   1.289341E+00   1.308856E+01   2.068736E+01   7.824913E-01
   1.329676E+00   1.310641E+01   2.072041E+01   7.805963E-01
   1.371272E+00   1.312465E+01   2.075361E+01   7.786670E-01
   1.414170E+00   1.314164E+01   2.078897E+01   7.766052E-01
   1.458410E+00   1.315971E+01   2.082460E+01   7.745033E-01
   1.504034E+00   1.317974E+01   2.085976E+01   7.723885E-01
   1.551084E+00   1.320060E+01   2.089577E+01   7.702256E-01
   1.599607E+00   1.322071E+01   2.093410E+01   7.679662E-01
   1.649648E+00   1.324072E+01   2.097363E+01   7.656227E-01
   1.701254E+00   1.326156E+01   2.101288E+01   7.632453E-01
   1.754475E+00   1.328044E+01   2.105331E+01   7.607403E-01
   1.809360E+00   1.330050E+01   2.109168E+01   7.582362E-01
   1.865963E+00   1.331743E+01   2.113176E+01   7.555781E-01
   1.924336E+00   1.333448E+01   2.117081E+01   7.528484E-01
   1.984535E+00   1.334968E+01   2.121085E+01   7.499598E-01
   2.046618E+00   1.336394E+01   2.125183E+01   7.469183E-01
   2.110643E+00   1.337902E+01   2.129336E+01   7.437695E-01
   2.176670E+00   1.339311E+01   2.133809E+01   7.404361E-01
   2.244763E+00   1.340743E+01   2.138565E+01   7.369275E-01
   2.314987E+00   1.342246E+01   2.143586E+01   7.332505E-01
   2.387407E+00   1.343916E+01   2.148813E+01   7.294282E-01
   2.462092E+00   1.345480E+01   2.154509E+01   7.253739E-01
   2.539114E+00   1.347182E+01   2.160519E+01   7.211724E-01
   2.618546E+00   1.349100E+01   2.166769E+01   7.168421E-01
   2.700462E+00   1.351431E+01   2.173029E+01   7.124636E-01
   2.784941E+00   1.353664E+01   2.179530E+01   7.079164E-01
   2.872063E+00   1.355922E+01   2.186052E+01   7.032904E-01
   2.961910E+00   1.358448E+01   2.192308E+01   6.987109E-01
   3.054568E+00   1.361031E+01   2.198307E+01   6.941562E-01
   3.150125E+00   1.363721E+01   2.203842E+01   6.896919E-01
   3.248671E+00   1.366549E+01   2.208733E+01   6.853806E-01
   3.350299E+00   1.369500E+01   2.212887E+01   6.812687E-01
   3.455107E+00   1.372317E+01   2.216394E+01   6.773190E-01
   3.563194E+00   1.375149E+01   2.219105E+01   6.735886E-01
   3.674662E+00   1.377966E+01   2.220984E+01   6.700874E-01
   3.789617E+00   1.380846E+01   2.221940E+01   6.668627E-01
   3.908168E+00   1.383423E+01   2.222182E+01   6.638326E-01
   4.030428E+00   1.385621E+01   2.221722E+01   6.609972E-01
   4.156513E+00   1.387406E+01   2.220534E+01   6.583461E-01
   4.286541E+00   1.388784E+01   2.218582E+01   6.558858E-01
   4.420638E+00   1.389691E+01   2.215967E+01   6.535933E-01
   4.558929E+00   1.390133E+01   2.212845E+01   6.514533E-01
   4.701547E+00   1.390139E+01   2.209324E+01   6.494578E-01
   4.848626E+00   1.389775E+01   2.205300E+01   6.476446E-01
   5.000307E+00   1.388333E+01   2.201077E+01   6.457892E-01
   5.156732E+00   1.386063E+01   2.196482E+01   6.439701E-01
   5.318051E+00   1.383673E+01   2.191508E+01   6.423335E-01
   5.484417E+00   1.381279E+01   2.186838E+01   6.407521E-01
   5.655986E+00   1.378680E+01   2.182500E+01   6.392802E-01
   5.832924E+00   1.374057E+01   2.178278E+01   6.376487E-01
   6.015396E+00   1.367328E+01   2.173374E+01   6.358702E-01
   6.203576E+00   1.361594E+01   2.168099E+01   6.342648E-01
   6.397644E+00   1.358488E+01   2.164601E+01   6.328178E-01
   6.597782E+00   1.354265E+01   2.163100E+01   6.313836E-01
   6.804182E+00   1.342998E+01   2.160277E+01   6.294726E-01
   7.017038E+00   1.330549E+01   2.153944E+01   6.274390E-01
   7.236553E+00   1.326388E+01   2.149196E+01   6.258700E-01
   7.462936E+00   1.326540E+01   2.150351E+01   6.247918E-01
   7.696400E+00   1.315482E+01   2.150829E+01   6.234402E-01
   7.937168E+00   1.296433E+01   2.142846E+01   6.214664E-01
   8.185467E+00   1.289947E+01   2.133038E+01   6.197745E-01
   8.441535E+00   1.294957E+01   2.132745E+01   6.193806E-01
   8.705612E+00   1.291339E+01   2.135282E+01   6.191392E-01
   8.977952E+00   1.271436E+01   2.126092E+01   6.185968E-01
   9.258810E+00   1.262904E+01   2.109683E+01   6.173428E-01
   9.548455E+00   1.269718E+01   2.102548E+01   6.177174E-01
   9.847161E+00   1.274967E+01   2.103277E+01   6.190305E-01
   1.015521E+01   1.262127E+01   2.093827E+01   6.202941E-01
   1.047290E+01   1.253721E+01   2.073411E+01   6.203164E-01
   1.080052E+01   1.260769E+01   2.058364E+01   6.216977E-01
   1.113840E+01   1.272114E+01   2.051206E+01   6.260222E-01
   1.148684E+01   1.303291E+01   1.991396E+01   6.486279E-01
   1.184619E+01   1.260097E+01   2.028261E+01   6.256799E-01
   1.221677E+01   1.265270E+01   2.004110E+01   6.291763E-01
   1.259895E+01   1.275165E+01   1.990215E+01   6.328463E-01
   1.299309E+01   1.279722E+01   1.977672E+01   6.362807E-01
   1.339955E+01   1.279826E+01   1.959686E+01   6.390849E-01
   1.381873E+01   1.284175E+01   1.939194E+01   6.421012E-01
   1.425103E+01   1.290625E+01   1.922371E+01   6.454305E-01
   1.469684E+01   1.295861E+01   1.907254E+01   6.487050E-01
   1.515661E+01   1.299489E+01   1.890472E+01   6.518451E-01
   1.563075E+01   1.303358E+01   1.872463E+01   6.548181E-01
   1.611973E+01   1.307671E+01   1.855420E+01   6.577240E-01
   1.662401E+01   1.311648E+01   1.839913E+01   6.604073E-01
   1.714406E+01   1.315333E+01   1.824559E+01   6.629385E-01
   1.768038E+01   1.318435E+01   1.809132E+01   6.652079E-01
   1.823348E+01   1.321025E+01   1.794294E+01   6.671488E-01
   1.880388E+01   1.323416E+01   1.780413E+01   6.687802E-01
   1.939213E+01   1.325522E+01   1.767369E+01   6.701358E-01
   1.999877E+01   1.327170E+01   1.754995E+01   6.711056E-01
   2.062440E+01   1.328188E+01   1.743513E+01   6.716356E-01
   2.126959E+01   1.328862E+01   1.732936E+01   6.718016E-01
   2.193497E+01   1.328755E+01   1.723792E+01   6.713680E-01
   2.262117E+01   1.327934E+01   1.715970E+01   6.704133E-01
   2.332883E+01   1.326522E+01   1.709385E+01   6.689508E-01
   2.405863E+01   1.324254E+01   1.704192E+01   6.669443E-01
   2.481126E+01   1.321058E+01   1.700552E+01   6.643374E-01
   2.558744E+01   1.316822E+01   1.698446E+01   6.611610E-01
   2.638789E+01   1.311454E+01   1.697884E+01   6.574537E-01
   2.721339E+01   1.304903E+01   1.698773E+01   6.532188E-01
   2.806471E+01   1.297020E+01   1.701189E+01   6.484393E-01
   2.894266E+01   1.287789E+01   1.704797E+01   6.432422E-01
   2.984808E+01   1.277160E+01   1.709587E+01   6.376447E-01
   3.078182E+01   1.265231E+01   1.715281E+01   6.317886E-01
   3.174477E+01   1.252025E+01   1.721743E+01   6.256779E-01
   3.273785E+01   1.237603E+01   1.728684E+01   6.194036E-01
   3.376199E+01   1.221879E+01   1.736076E+01   6.129539E-01
   3.481818E+01   1.205113E+01   1.743532E+01   6.064718E-01
   3.590740E+01   1.187475E+01   1.750941E+01   6.000305E-01
   3.703070E+01   1.169273E+01   1.757948E+01   5.937008E-01
   3.818913E+01   1.150315E+01   1.764818E+01   5.873787E-01
   3.938381E+01   1.130885E+01   1.771180E+01   5.811661E-01
   4.061586E+01   1.111234E+01   1.776843E+01   5.751402E-01
   4.188645E+01   1.091191E+01   1.782191E+01   5.692081E-01
   4.319679E+01   1.071300E+01   1.786700E+01   5.635193E-01
   4.454813E+01   1.051463E+01   1.790505E+01   5.579905E-01
   4.594173E+01   1.031547E+01   1.793693E+01   5.525708E-01
   4.737893E+01   1.011760E+01   1.796244E+01   5.473139E-01
   4.886110E+01   9.924291E+00   1.797982E+01   5.423025E-01
   5.038963E+01   9.732729E+00   1.799202E+01   5.374257E-01
   5.196597E+01   9.544200E+00   1.799789E+01   5.326792E-01
   5.359163E+01   9.359654E+00   1.799640E+01   5.280822E-01
   5.526815E+01   9.177795E+00   1.798907E+01   5.236114E-01
   5.699711E+01   9.000856E+00   1.797720E+01   5.193176E-01
   5.878016E+01   8.829965E+00   1.795883E+01   5.152083E-01
   6.061899E+01   8.660679E+00   1.793582E+01   5.111396E-01
   6.251534E+01   8.494365E+00   1.790839E+01   5.071426E-01
   6.447102E+01   8.334841E+00   1.787518E+01   5.033248E-01
   6.648788E+01   8.176131E+00   1.784025E+01   4.995582E-01
   6.856783E+01   8.022666E+00   1.780136E+01   4.959237E-01
   7.071285E+01   7.872779E+00   1.775754E+01   4.923453E-01
   7.292497E+01   7.726710E+00   1.770927E+01   4.888318E-01
   7.520629E+01   7.584480E+00   1.765856E+01   4.854096E-01
   7.755898E+01   7.443898E+00   1.760716E+01   4.820471E-01
   7.998527E+01   7.308853E+00   1.755075E+01   4.788020E-01
   8.248747E+01   7.176724E+00   1.749113E+01   4.755814E-01
   8.506793E+01   7.046603E+00   1.742963E+01   4.723748E-01
   8.772913E+01   6.918197E+00   1.736679E+01   4.692034E-01
   9.047357E+01   6.795477E+00   1.730129E+01   4.661728E-01
   9.330387E+01   6.674626E+00   1.723409E+01   4.631739E-01
   9.622271E+01   6.555452E+00   1.716432E+01   4.601611E-01
   9.923286E+01   6.439431E+00   1.709225E+01   4.571793E-01
   1.023372E+02   6.324381E+00   1.701928E+01   4.542105E-01
   1.055386E+02   6.213014E+00   1.694552E+01   4.513411E-01
   1.088402E+02   6.105050E+00   1.686950E+01   4.485310E-01
   1.122451E+02   5.998060E+00   1.679122E+01   4.456828E-01
   1.157564E+02   5.892421E+00   1.671175E+01   4.428223E-01
   1.193777E+02   5.791125E+00   1.663090E+01   4.400515E-01
   1.231122E+02   5.689066E+00   1.655065E+01   4.372796E-01
   1.269635E+02   5.591963E+00   1.646770E+01   4.345969E-01
   1.309353E+02   5.494912E+00   1.638267E+01   4.318463E-01
   1.350314E+02   5.398999E+00   1.629746E+01   4.290837E-01
   1.392556E+02   5.304823E+00   1.621150E+01   4.263480E-01
   1.436120E+02   5.214119E+00   1.612498E+01   4.237075E-01
   1.481046E+02   5.124694E+00   1.603711E+01   4.210722E-01
   1.527378E+02   5.036830E+00   1.594705E+01   4.183996E-01
   1.575159E+02   4.949790E+00   1.585656E+01   4.157005E-01
   1.624435E+02   4.863919E+00   1.576618E+01   4.130226E-01
   1.675252E+02   4.780921E+00   1.567498E+01   4.104205E-01
   1.727660E+02   4.698364E+00   1.558308E+01   4.078073E-01
   1.781706E+02   4.617202E+00   1.548899E+01   4.051454E-01
   1.837444E+02   4.538232E+00   1.539393E+01   4.024817E-01
   1.894925E+02   4.459771E+00   1.529944E+01   3.998276E-01
   1.954204E+02   4.383115E+00   1.520481E+01   3.972308E-01
   2.015338E+02   4.307831E+00   1.510872E+01   3.946332E-01
   2.078384E+02   4.233269E+00   1.501122E+01   3.919744E-01
   2.143402E+02   4.159990E+00   1.491316E+01   3.892918E-01
   2.210455E+02   4.087980E+00   1.481527E+01   3.866326E-01
   2.279605E+02   4.017996E+00   1.471704E+01   3.840335E-01
   2.350918E+02   3.948531E+00   1.461791E+01   3.814166E-01
   2.424462E+02   3.880325E+00   1.451712E+01   3.787425E-01
   2.500307E+02   3.812651E+00   1.441593E+01   3.760222E-01
   2.578524E+02   3.746172E+00   1.431505E+01   3.733251E-01
   2.659189E+02   3.681645E+00   1.421413E+01   3.706921E-01
   2.742377E+02   3.617920E+00   1.411189E+01   3.680377E-01
   2.828167E+02   3.554798E+00   1.400818E+01   3.653039E-01
   2.916641E+02   3.492954E+00   1.390404E+01   3.625400E-01
   3.007883E+02   3.431586E+00   1.380070E+01   3.597886E-01
   3.101979E+02   3.371958E+00   1.369707E+01   3.570901E-01
   3.199018E+02   3.313700E+00   1.359205E+01   3.543807E-01
   3.299094E+02   3.255502E+00   1.348582E+01   3.515744E-01
   3.402300E+02   3.198243E+00   1.337931E+01   3.487266E-01
   3.508734E+02   3.142142E+00   1.327325E+01   3.459026E-01
   3.618499E+02   3.087125E+00   1.316716E+01   3.431179E-01
   3.731697E+02   3.032752E+00   1.306002E+01   3.403048E-01
   3.848436E+02   2.979418E+00   1.295123E+01   3.374045E-01
   3.968827E+02   2.926893E+00   1.284232E+01   3.344573E-01
   4.092985E+02   2.874904E+00   1.273409E+01   3.315203E-01
   4.221026E+02   2.824008E+00   1.262589E+01   3.286233E-01
   4.353073E+02   2.774297E+00   1.251629E+01   3.257009E-01
   4.489251E+02   2.725085E+00   1.240535E+01   3.226728E-01
   4.629689E+02   2.676488E+00   1.229434E+01   3.195882E-01
   4.774521E+02   2.628705E+00   1.218391E+01   3.165175E-01
   4.923883E+02   2.582134E+00   1.207344E+01   3.134880E-01
   5.077917E+02   2.536005E+00   1.196190E+01   3.104127E-01
   5.236771E+02   2.490651E+00   1.184890E+01   3.072279E-01
   5.400593E+02   2.446008E+00   1.173580E+01   3.039802E-01
   5.569541E+02   2.401961E+00   1.162333E+01   3.007401E-01
   5.743774E+02   2.358765E+00   1.151096E+01   2.975320E-01
   5.923457E+02   2.316662E+00   1.139728E+01   2.942845E-01
   6.108762E+02   2.274789E+00   1.128238E+01   2.909080E-01
   6.299863E+02   2.233633E+00   1.116735E+01   2.874557E-01
   6.496943E+02   2.192927E+00   1.105309E+01   2.840124E-01
   6.700188E+02   2.153194E+00   1.093871E+01   2.805943E-01
   6.909791E+02   2.114280E+00   1.082320E+01   2.771228E-01
   7.125951E+02   2.075814E+00   1.070648E+01   2.735226E-01
   7.348873E+02   2.037771E+00   1.058960E+01   2.698236E-01
   7.578769E+02   2.000546E+00   1.047337E+01   2.661334E-01
   7.815857E+02   1.963905E+00   1.035728E+01   2.624694E-01
   8.060361E+02   1.928073E+00   1.023994E+01   2.587382E-01
   8.312515E+02   1.892599E+00   1.012132E+01   2.548485E-01
   8.572557E+02   1.857410E+00   1.000278E+01   2.508581E-01
   8.840733E+02   1.823067E+00   9.884880E+00   2.468820E-01
   9.117299E+02   1.789417E+00   9.766878E+00   2.429142E-01
   9.402517E+02   1.756410E+00   9.647703E+00   2.388556E-01
   9.696658E+02   1.723706E+00   9.527518E+00   2.346412E-01
   1.000000E+03   1.691400E+00   9.407327E+00   2.303260E-01
